Estudio y proyecto ejecutivo para la limpieza, rectificación y desazolve del arroyo chomberos en 2.430Km y rectificación en tramos diversos, a la altura de la ciudad de las choapas, ver.;Las choapas, ver.; Inalterada;1; 2.8
45;54;54
45; ; ;45
1.8695701;2.6;0.0; 
7.450;1.990;43.59156;86.74721;84.35;10.00
11;336.27;279.69;129.32;37.62718
246.530;162.18;37.62718;117.840096;45.323116;44.3399;86.74721;41.42409;0.91397274;107.038925
246.990;162.64001;202.1901;117.840096;38.01755;43.59156;45.323116;-1.7315559;1.0;-2587.2632;44.79991
 ; ; ; 
30/07/2010;3:46:00 PM;0.00;13.500;0.0;0.0; ; ;0.033;13.49;0.010000229;0.010000229; ; ;0.0833;13.48;0.020000458;0.020000458; ; ;0.166;13.47;0.029999733;0.029999733; ; ;0.25;13.46;0.03999996;0.03999996; ; ;0.5;13.445;0.055000305;0.055000305; ; ;1;13.44;0.06000042;0.06000042; ; ;2;13.4350;0.06499958;0.06499958; ; ;5;13.4300;0.069999695;0.069999695; ; ;10;13.4250;0.07499981;0.07499981; ; ;20;13.42;0.07999992;0.07999992; ; ;40;13.4180;0.08199978;0.08199978
 ; ; ; ; ; ; ; ; ; ; ; 
 ; ; ; 
 ; ; ; ;0.0;0.0
 ; ; ; ; ; ; ; ; ; ; ; 
 ; ; ; 
 ; ; ; ;0.0;0.0
 ; ; ; ; ; ; ; ; ; ; ; 
 ; ; ; 
 ; ; ; ;0.0;0.0
 ; ; ; ; ; ; ; ; ; ; ; 
 ; ; ; 
 ; ; ; ;0.0;0.0
 ; ; ; ; ; ; ; ; ; ; ; 
 ; ; ; 
 ; ; ; ;0.0;0.0
 ; ; ; ; ; ; ; ; ; ; ; 
 ; ; ; 
 ; ; ; ;0.0;0.0
 ; ; ; ; ; ; ; ; ; ; ; 
 ; ; ; 
 ; ; ; ;0.0;0.0
 ; ; ; ; ; ; ; ; ; ; ; 
