 Estudio y proyecto ejecutivo para la limpieza....; Las choapas, ver.; Inalterada; 1; 1.8
64;45;2
56;5;6;58
1.8900534;2.6;0.0; 
7.470;1.920;43.825924;84.145775;256.28;10.00
257;313.92;263.28;125.12;36.653164
415.320;159.04001;36.653164;116.38224;44.7624;49.77619;84.145775;42.121227;1.0023005;118.173645
418.880;162.6;372.66223;116.38224;39.712044;43.825924;44.7624;-0.93647766;1.0;-4935.2773;46.217773
0;0.01;0.119;0.027
 ;13:03;0.00;4.9980;0.0; ;0.0; ; ;0.033;5.03;-0.032000065; ;-0.032000065; ; ;0.0833;5.05;-0.052000046; ;-0.052000046; ; ;0.166;5.07;-0.07200003; ;-0.07200003; ; ;0.25;5.08;-0.08199978; ;-0.08199978; ; ;0.5;5.0930;-0.09499979; ;-0.09499979; ; ;1;5.1210;-0.12299967; ;-0.12299967
 ; ; ; ; ; ; ; ; ; ; ; ; ; 
 ; ; ; 
 ; ;0.0;12.05;0.0; ;0.0; ; ;0.05;12;0.05000019; ;0.05000019
 ; ; ; ; ; ; ; ; ; ; ; ; ; 
 ; ; ; 
 ; ; ; ;0.0; ;0.0
 ; ; ; ; ; ; ; ; ; ; ; ; ; 
 ; ; ; 
 ; ; ; ;0.0; ;0.0
 ; ; ; ; ; ; ; ; ; ; ; ; ; 
 ; ; ; 
 ; ; ; ;0.0; ;0.0
 ; ; ; ; ; ; ; ; ; ; ; ; ; 
 ; ; ; 
 ; ; ; ;0.0; ;0.0
 ; ; ; ; ; ; ; ; ; ; ; ; ; 
 ; ; ; 
 ; ; ; ;0.0; ;0.0
 ; ; ; ; ; ; ; ; ; ; ; ; ; 
 ; ; ; 
 ; ; ; ;0.0; ;0.0
 ; ; ; ; ; ; ; ; ; ; ; ; ; 
