 ; ; ; ; 
 ; ; 
 ; ; ; 
1.890;2.600;0.0; 
7.470;1.920;43.826;84.146;256.28;10
257;313.920;263.28;125.12;36.653
415.320;159.040;36.653;116.382;44.762;42.658;84.146;39.383;0.880;108.314
418.880;162.600;372.662;116.382;39.712;79.732;44.762;34.970;0.84027684;132.1637;46.218
0.119;0.01;0.119;0.027
02/07/2010;12:50;0.00;5.0450;0.0;0.0; ; ;0.033;5.00;0.045;0.045; ; ;0.0833;4.998;0.047;0.047
 ; ;0.00;4.840; ; ; ; ;10;4.840;0.000;0.000
0.0;0.01;0.119;0.02715288
02/07/2017;13:03;0.00;4.9980;0.0;0.0; ; ;0.033;5.030;-0.032;-0.032; ; ;0.0833;5.050;-0.052;-0.052; ; ;0.1666;5.070;-0.072;-0.072; ; ;0.25;5.080;-0.082;-0.082; ; ;0.5;5.09300;-0.095;-0.095; ; ;1;5.1210;-0.123;-0.123
 ; ;0.00;4.840; ; ; ; ;10;4.840;0.000;0.000
0.496;0.01;0.615;0.140
05/07/2017;9:45;0.00;5.1210;0.0;0.0; ; ;0.033;5.090;0.031;0.031; ; ;0.08333;5.080;0.041;0.041; ; ;0.1666;5.0690;0.052;0.052; ; ;0.25;5.0680;0.053;0.053; ; ;0.5;5.065;0.056;0.056; ; ;1;5.063;0.058;0.058; ; ;2;5.060;0.061;0.061; ; ;5;5.056;0.065;0.065; ; ;10;5.052;0.069;0.069; ; ;15;5.050;0.071;0.071; ; ;30;5.048;0.073;0.073; ; ;60;5.046;0.075;0.075; ; ;120;5.043;0.078;0.078; ; ;240;5.042;0.079;0.079; ; ;480;5.040;0.081;0.081; ; ;720;5.039;0.082;0.082; ; ;1440;5.035;0.086;0.086
 ; ;0.0;4.70; ; ; ; ;10;4.840;0.140;0.140
0.500;0.01;1.115;0.254
06/07/2017;8:26;0.00;5.0350;0.0;0.0; ; ;0.033;5.020;0.015;0.015; ; ;0.0833;5.0090;0.026;0.026; ; ;0.1666;5.0070;0.028;0.028; ; ;0.25;5.0040;0.031;0.031; ; ;0.5;5.0020;0.033;0.033; ; ;1;5.0;0.035;0.035; ; ;2;4.9980;0.037;0.037; ; ;5;4.9960;0.039;0.039; ; ;10;4.9940;0.041;0.041; ; ;15;4.9920;0.043;0.043; ; ;30;4.990;0.045;0.045; ; ;60;4.9880;0.047;0.047; ; ;120;4.9860;0.049;0.049; ; ;240;4.9820;0.053;0.053; ; ;360;4.980;0.055;0.055; ; ;720;4.9750;0.060;0.060
 ; ;0.00;4.6630; ; ; ; ;10;4.70;0.037;0.037
1.000;0.01;2.115;0.483
07/08/2017;8:31;0.00;4.9750;0.0;0.0; ; ;0.033;4.950;0.025;0.025; ; ;0.083333;4.940;0.035;0.035; ; ;0.166667;4.930;0.045;0.045; ; ;0.25;4.9280;0.047;0.047; ; ;0.5;4.9250;0.050;0.050; ; ;1;4.9220;0.053;0.053; ; ;2;4.9180;0.057;0.057; ; ;5;4.9130;0.062;0.062; ; ;10;4.910;0.065;0.065; ; ;15;4.9080;0.067;0.067; ; ;30;4.9060;0.069;0.069; ; ;60;4.9030;0.072;0.072; ; ;120;4.90;0.075;0.075; ; ;180;4.8960;0.079;0.079; ; ;240;4.8920;0.083;0.083; ; ;1440;4.8890;0.086;0.086; ; ;2880;4.8860;0.089;0.089
 ; ;0.00;4.5880; ; ; ; ;10;4.6630;0.075;0.075
2.000;0.01;4.115;0.939
08/07/2017;8:37;0.00;4.8860;0.0;0.0; ; ;0.033;4.850;0.036;0.036; ; ;0.083333;4.820;0.066;0.066; ; ;0.166667;4.810;0.076;0.076; ; ;0.25;4.8050;0.081;0.081; ; ;0.5;4.80;0.086;0.086; ; ;1;4.7880;0.098;0.098; ; ;2;4.7850;0.101;0.101; ; ;5;4.7810;0.105;0.105; ; ;10;4.7770;0.109;0.109; ; ;15;4.7730;0.113;0.113; ; ;30;4.7690;0.117;0.117; ; ;60;4.7640;0.122;0.122; ; ;120;4.760;0.126;0.126; ; ;180;4.7560;0.130;0.130; ; ;240;4.7530;0.133;0.133; ; ;1440;4.7510;0.135;0.135; ; ;2880;4.7430;0.143;0.143
 ; ;0.00;4.4730; ; ; ; ;10;4.5880;0.115;0.115
4.017;0.01;8.132;1.856
09/07/2017;8:24;0.00;4.7430;0.0;0.0; ; ;0.033;4.680;0.063;0.063; ; ;0.0833;4.650;0.093;0.093; ; ;0.1666;4.640;0.103;0.103; ; ;0.25;4.6330;0.110;0.110; ; ;0.5;4.6270;0.116;0.116; ; ;1;4.620;0.123;0.123; ; ;2;4.6130;0.130;0.130; ; ;5;4.6030;0.140;0.140; ; ;10;4.60;0.143;0.143; ; ;18;4.5960;0.147;0.147; ; ;30;4.5920;0.151;0.151; ; ;60;4.5870;0.156;0.156; ; ;120;4.5830;0.160;0.160; ; ;180;4.5770;0.166;0.166; ; ;360;4.5740;0.169;0.169; ; ;1440;4.5630;0.180;0.180
 ; ;0.00;4.378; ; ; ; ;10;4.4730;0.095;0.095
8.016;0.01;16.148;3.685
10/07/2017;9:07;0.00;4.5630;0.0;0.0; ; ;0.033;4.50;0.063;0.063; ; ;0.0833;4.4430;0.120;0.120; ; ;0.1666;4.4180;0.145;0.145; ; ;0.25;4.4080;0.155;0.155; ; ;0.5;4.40;0.163;0.163; ; ;1;4.3850;0.178;0.178; ; ;2;4.3780;0.185;0.185; ; ;5;4.3670;0.196;0.196; ; ;10;4.3580;0.205;0.205; ; ;20;4.3520;0.211;0.211; ; ;30;4.3460;0.217;0.217; ; ;60;4.340;0.223;0.223; ; ;120;4.3330;0.230;0.230; ; ;240;4.3280;0.235;0.235; ; ;360;4.3260;0.237;0.237; ; ;2880;4.310;0.253;0.253; ; ;3600;4.3070;0.256;0.256
 ; ;0.00;4.3070; ; ; ; ;10;4.378;0.071;0.071
43.826;1.920;1.899;0.2;44.762;0.64219546
