Prueba1 Yadira;Las choapas, Ver.;Inalterada;1;1.8
23 ;12.1;12
12;43;21;5
1.8900534;2.6;0.0;0
7.470;1.920;43.825924;84.145775;256.28;10.00
257;313.92;263.28;125.12;36.653164
415.320;159.04001;36.653164;116.38224;44.7624;42.657772;84.145775;39.383373;0.87983155;108.31417
 418.88;162.6;372.66223;116.38224;39.712044;43.825924;44.7624;-0.93647766;1.0;-4935.2773;46.217773
 ; ; ; 
 ; ; ; ; ; ; ; ; ; ; ;7; ; 
 ; ; ; ; ; ; 
 ; ; ; 
 ; ; ; ; ; ; 
 ; ; ; ; ; ; 
 ; ; ; 
 ; ; ; ; ; ; 
 ; ; ; ; ; ; 
 ; ; ; 
 ; ; ; ; ; ; 
 ; ; ; ; ; ; 
 ; ; ; 
 ; ; ; ; ; ; 
 ; ; ; ; ; ; 
 ; ; ; 
 ; ; ; ; ; ; 
 ; ; ; ; ; ; 
 ; ; ; 
 ; ; ; ; ; ; 
 ; ; ; ; ; ; 
 ; ; ; 
 ; ; ; ; ; ; 
 ; ; ; ; ; ; 
